0  0
10  0.922604
20  1.77427
30  2.56047
40  3.28621
50  3.95616
60  4.5746
70  5.14549
80  5.67249
90  6.15897
100  6.60805
110  7.02261
120  7.40529
130  7.75854
140  8.08464
150  8.38567
160  8.66355
170  8.92007
180  9.15687
190  9.37546
200  9.57724
210  9.76351
220  9.93546
230  10.0942
240  10.2407
250  10.376
260  10.5008
270  10.6161
280  10.7225
290  10.8207
300  10.9114
310  10.9951
320  11.0723
330  11.1437
340  11.2095
350  11.2703
360  11.3264
370  11.3782
380  11.426
390  11.4701
400  11.5109
410  11.5485
420  11.5832
430  11.6152
440  11.6448
450  11.6721
460  11.6973
470  11.7206
480  11.7421
490  11.7619
500  11.7802
510  11.7971
520  11.8127
530  11.8271
540  11.8404
550  11.8527
560  11.864
570  11.8745
580  11.8841
590  11.893
600  11.9012
610  11.9088
620  11.9158
630  11.9223
640  11.9283
650  11.9338
660  11.9389
670  11.9436
680  11.9479
690  11.9519
700  11.9556
710  11.959
720  11.9622
730  11.9651
740  11.9678
750  11.9703
760  11.9725
770  11.9747
780  11.9766
790  11.9784
800  11.9801
810  11.9816
820  11.983
830  11.9843
840  11.9855
850  11.9866
860  11.9877
870  11.9886
880  11.9895
890  11.9903
900  11.991
910  11.9917
920  11.9924
930  11.993
940  11.9935
950  11.994
960  11.9945
970  11.9949
980  11.9953
990  11.9956
1000  11.996
